0
-0.05256665899736704
-0.04894058037770644
-0.041052401109327445
-0.03648629639181303
-0.050345582019791175
-0.0404007756948932
-0.028560548362528585
-0.014362416754691569
-0.030253604125012337
-0.026941819058072653
-0.021707978167976157
-0.020611243193497206
-0.02108780372976243
-0.017058105293400103
-0.005656108597285072
-0.0005600107522070708
0.01757979699156246
0.008381249058400903
0.03483202012613917
0.005607248753375471
0.023443511306247593
0.06720935243507038
0.03764218115328266
0.0837794489410083
0.07171137685843504
0.12094783400943675
0.10160046924752866
0.11621150989582571
0.16152828652828716
0.1414027149321268
0.15723050853769827
0.16732654600301636
0.248240321769734
0.2511977641735403
0.25452488687782765
0.2270590097387469
0.29384173932237145
0.27690734870665534
0.2571488547837855
0.3461928537993449
0.40243345442185613
0.2896317678264954
0.4016991411949399
0.3582202111613877
0.38178733031674017
0.38882263780844023
0.4366319671487983
0.3847396946944454
0.35801963993453206
0.35736322501028406
0.34324252934285737
0.43363499245852244
0.3914475157923029
0.4366319671487983
0.4242081447963798
0.4524886877828058
0.33089833064907875
0.4031685137823257
0.372977422946625
0.4219569572949741
0.3423434150988335
0.4242081447963792
0.5090497737556553
0.32522624434389075
0.4468947342250503
0.4304927099044753
0.33850952968600134
0.38108422289442784
0.32762742252198335
0.4567459738237717
0.4474485910129472
0.45970925194955276
0.40292484955917457
0.46172016036386637
0.3408681375885973
0.37211240771612275
0.3910092465079678
0.37353883861236864
0.3656772697597996
0.4324138982017681
0.3838073691014866
0.5188799090183164
0.37270279835182935
0.38229842446709905
0.4343671748012127
0.37637562147365977
0.4968503238399428
0.45970925194955276
0.4354500997723501
0.3630610248257298
0.3847396946944454
0.4006649516503202
0.3712434284518612
0.37211240771612275
0.4546203870028871
0.39935554641436966
0.4304927099044753
0.37196103995705293
0.45909312596526486
0.41135335252982197
