0
0.2625137408287966
0.26474460779132014
0.26629357343676907
0.2612658843283834
0.26225942655035955
0.26468629409805966
0.2673604956403556
0.2736582082420197
0.26376125687085167
0.273189473842313
0.26849796761795897
0.27530980080938694
0.26724802296371836
0.2613964718037116
0.2650953193383274
0.2748508685345251
0.27155324294727934
0.2732069324701937
0.26888675245076654
0.2898386337086304
0.2653772939640127
0.2961261258190162
0.2582499617171149
0.2734515723211701
0.27287629960786985
0.29378490156403897
0.27128372716608085
0.2986478158832077
0.3386448432888059
0.2733785822021113
0.28577843120326885
0.3233184299360775
0.3165849673202622
0.3105504917287427
0.34514426117841746
0.34373741762884924
0.28972579175157587
0.25206778433454663
0.3220653041027483
0.29725950048585664
0.3271552941053316
0.27106809940736304
0.2764567365407712
0.3370910698496925
0.31319197073264426
0.36643421606433063
0.32391263530756814
0.2965642954330742
0.3154762541495962
0.2730987499895055
0.31496198635643263
0.3309190809190809
0.3067386061442447
0.33469047498842797
0.2635689183912536
0.3441949012250306
0.27074509907735994
0.3038450608783077
0.2633347942479434
0.33599120787524256
0.31490288824071777
0.2744876231035391
0.31916612798965716
0.2937096193241962
0.3468251205807762
0.2978120315943299
0.22710133004250588
0.31422705811665236
0.3735166054810896
0.2737344343787902
0.24564422254191248
0.30145285051447407
0.27725035104730644
0.29944194210016045
0.3290586800777832
0.306620623958086
0.3225745553111286
0.3844992404396422
0.2904222655416851
0.3611888269766975
0.3409203918253695
0.2968691793464382
0.3501881913140923
0.33423695523880315
0.254747509887431
0.3049922433980403
0.3040708911679603
0.32134214873172257
0.3072011257641417
0.28778286450920526
0.3057898455240076
0.26798427334017483
0.23315659132906497
0.31555132174327205
0.3498039468332109
0.24842896651997526
0.23301233708473468
0.2942543743297204
0.2343372317047265
0.2440268065268056
